// Data on points
50
(
//min_z
0
0.18640612
0.20758972
0.237190998
0.283598201
0.324188384
0.356871324
0.367746717
0.407527786
0.415284803
0.432995341
0.423329987
0.437882701
0.430543374
0.439342318
0.441335905
0.431865497
0.406907013
0.375219635
0.309285153
0.235234414
0.171669632
0.105437573
0.060337415
0.028342929



// max_z
0
0.18640612
0.20758972
0.237190998
0.283598201
0.324188384
0.356871324
0.367746717
0.407527786
0.415284803
0.432995341
0.423329987
0.437882701
0.430543374
0.439342318
0.441335905
0.431865497
0.406907013
0.375219635
0.309285153
0.235234414
0.171669632
0.105437573
0.060337415
0.028342929

)
// Average
//0.1
// ************************************************************************* //
