// Data on points
50
(
//min_z
( 0 0 0 )
( 2.745 0 0 )
( 2.935 0 0 )
( 3.175 0 0 )
( 3.435 0 0 )
( 3.627 0 0 )
( 3.824 0 0 )
( 4.021 0 0 )
( 4.210 0 0 )
( 4.362 0 0 )
( 4.491 0 0 )
( 4.502 0 0 )
( 4.586 0 0 )
( 4.606 0 0 )
( 4.712 0 0 )
( 4.854 0 0 )
( 4.993 0 0 )
( 5.132 0 0 )
( 5.449 0 0 )
( 5.782 0 0 )
( 6.077 0 0 )
( 6.338 0 0 )
( 6.588 0 0 )
( 6.693 0 0 )
( 6.751 0 0 )


// max_z
( 0 0 0 )
( 2.745 0 0 )
( 2.935 0 0 )
( 3.175 0 0 )
( 3.435 0 0 )
( 3.627 0 0 )
( 3.824 0 0 )
( 4.021 0 0 )
( 4.210 0 0 )
( 4.362 0 0 )
( 4.491 0 0 )
( 4.502 0 0 )
( 4.586 0 0 )
( 4.606 0 0 )
( 4.712 0 0 )
( 4.854 0 0 )
( 4.993 0 0 )
( 5.132 0 0 )
( 5.449 0 0 )
( 5.782 0 0 )
( 6.077 0 0 )
( 6.338 0 0 )
( 6.588 0 0 )
( 6.693 0 0 )
( 6.751 0 0 )

)

// Average
//(4 0 0)
// ************************************************************************* //
