//points
50
(
//minY
(-10.5 -10.5 0)
(-10.5 -10.5 0.0625)
(-10.5 -10.5 0.125)
(-10.5 -10.5 0.25)
(-10.5 -10.5 0.50)
(-10.5 -10.5 0.75)
(-10.5 -10.5 1.00)
(-10.5 -10.5 1.25)
(-10.5 -10.5 1.50)
(-10.5 -10.5 1.75)
(-10.5 -10.5 2.00)
(-10.5 -10.5 2.0625)
(-10.5 -10.5 2.125)
(-10.5 -10.5 2.25)
(-10.5 -10.5 2.375)
(-10.5 -10.5 2.625)
(-10.5 -10.5 2.875)
(-10.5 -10.5 3.125)
(-10.5 -10.5 3.75)
(-10.5 -10.5 4.375)
(-10.5 -10.5 5.00)
(-10.5 -10.5 5.625)
(-10.5 -10.5 6.25)
(-10.5 -10.5 6.875)
(-10.5 -10.5 7.50)


//maxY
(-10.5 10.5 0)
(-10.5 10.5 0.0625)
(-10.5 10.5 0.125)
(-10.5 10.5 0.25)
(-10.5 10.5 0.50)
(-10.5 10.5 0.75)
(-10.5 10.5 1.00)
(-10.5 10.5 1.25)
(-10.5 10.5 1.50)
(-10.5 10.5 1.75)
(-10.5 10.5 2.00)
(-10.5 10.5 2.0625)
(-10.5 10.5 2.125)
(-10.5 10.5 2.25)
(-10.5 10.5 2.375)
(-10.5 10.5 2.625)
(-10.5 10.5 2.875)
(-10.5 10.5 3.125)
(-10.5 10.5 3.75)
(-10.5 10.5 4.375)
(-10.5 10.5 5.00)
(-10.5 10.5 5.625)
(-10.5 10.5 6.25)
(-10.5 10.5 6.875)
(-10.5 10.5 7.50)
)

// ************************************************************************* //
